0 62 0 70 3 24 3 
1 34 2 54 2 60 2
1 71 3 49 3 25 3
0 83 3 62 1 80 3
1 71 2 67 1 71 1
0 47 0 55 2 30 2
0 43 0 7 2 35 1
1 60 0 71 3 43 1
1 23 0 44 2 87 3
0 58 0 0 1 4 0
1 86 2 92 1 34 3
1 69 0 9 2 24 0
1 19 2 10 2 54 2
1 41 1 21 3 65 1
1 21 1 0 0 51 0
1 37 0 89 3 4 2
1 81 2 70 0 0 1
1 7 3 36 0 5 1
0 70 2 61 0 12 1
0 15 2 97 1 50 2
0 6 0 53 3 23 3
0 75 0 83 2 44 3
1 49 0 35 3 10 0
1 22 1 19 2 67 1
1 69 3 3 0 48 0
1 23 3 3 2 88 2
1 32 1 64 1 89 3
0 0 3 68 2 12 3
0 32 0 7 1 16 2
1 16 2 45 3 2 0
1 90 3 70 2 48 2
1 90 1 55 2 40 3
0 53 3 81 1 23 0
0 39 3 20 3 21 1
0 23 1 84 1 56 2
1 57 1 90 3 82 2
1 23 1 57 0 40 2
1 64 3 55 3 30 3
1 3 0 9 3 14 1
0 22 0 80 3 97 2
0 79 0 71 2 46 1
0 86 3 99 2 50 3
0 32 2 21 0 31 2
1 97 0 55 3 80 3
1 77 2 81 0 30 1
1 76 2 97 3 5 1
1 56 0 75 0 42 0
0 25 3 39 2 7 3
0 87 2 45 0 92 2
0 23 3 35 3 65 1
0 71 2 84 3 90 3
1 32 0 44 2 87 3
0 94 2 26 1 65 3
1 9 2 69 0 81 1
0 99 2 2 2 24 2
1 14 2 68 2 58 0
0 97 0 41 3 30 3
0 47 3 21 1 93 2
1 26 3 77 1 89 0
1 13 2 48 3 20 1
0 30 1 86 3 33 3
0 16 3 94 3 42 3
0 87 2 14 1 57 3
1 47 3 38 0 46 3
0 18 0 22 1 93 0
0 27 0 47 3 91 1
0 85 1 31 0 19 1
1 76 0 76 3 16 3
0 14 2 84 0 14 2
1 7 2 62 2 58 1
1 1 2 40 2 15 3
0 34 0 48 3 8 0
0 24 3 30 2 45 2
1 59 0 8 3 91 2
1 1 3 87 3 38 3
1 53 2 52 0 18 0
1 26 0 93 3 68 0
1 65 2 64 1 15 1
0 58 3 53 3 31 0
1 34 2 54 2 60 2
1 71 3 49 3 25 3
0 83 3 62 1 80 3
1 71 2 67 1 71 1
0 47 0 55 2 30 2
0 43 0 7 2 35 1
1 60 0 71 3 43 1
1 23 0 44 2 87 3
0 58 0 0 1 4 0
1 86 2 92 1 34 3
1 69 0 9 2 24 0
1 19 2 10 2 54 2
1 41 1 21 3 65 1
1 21 1 0 0 51 0
1 37 0 89 3 4 2
1 81 2 70 0 0 1
1 7 3 36 0 5 1
0 70 2 61 0 12 1
0 15 2 97 1 50 2
0 6 0 53 3 23 3
0 75 0 83 2 44 3
1 49 0 35 3 10 0
1 22 1 19 2 67 1
1 69 3 3 0 48 0
1 23 3 3 2 88 2
1 32 1 64 1 89 3
0 0 3 68 2 12 3
0 32 0 7 1 16 2
1 16 2 45 3 2 0
1 90 3 70 2 48 2
1 90 1 55 2 40 3
0 53 3 81 1 23 0
0 39 3 20 3 21 1
0 23 1 84 1 56 2
1 57 1 90 3 82 2
1 23 1 57 0 40 2
1 64 3 55 3 30 3
1 3 0 9 3 14 1
0 22 0 80 3 97 2
0 79 0 71 2 46 1
0 86 3 99 2 50 3
0 32 2 21 0 31 2
1 97 0 55 3 80 3
1 77 2 81 0 30 1
1 76 2 97 3 5 1
1 56 0 75 0 42 0
0 25 3 39 2 7 3
0 87 2 45 0 92 2
0 23 3 35 3 65 1
0 71 2 84 3 90 3
1 32 0 44 2 87 3
0 94 2 26 1 65 3
1 9 2 69 0 81 1
0 99 2 2 2 24 2
1 14 2 68 2 58 0
0 97 0 41 3 30 3
0 47 3 21 1 93 2
1 26 3 77 1 89 0
1 13 2 48 3 20 1
0 30 1 86 3 33 3
0 16 3 94 3 42 3
0 87 2 14 1 57 3
1 47 3 38 0 46 3
0 18 0 22 1 93 0
0 27 0 47 3 91 1
0 85 1 31 0 19 1
1 76 0 76 3 16 3
0 14 2 84 0 14 2
1 7 2 62 2 58 1
1 1 2 40 2 15 3
0 34 0 48 3 8 0
0 24 3 30 2 45 2
1 59 0 8 3 91 2
1 1 3 87 3 38 3
1 53 2 52 0 18 0
1 26 0 93 3 68 0
1 34 2 54 2 60 2
1 71 3 49 3 25 3
0 83 3 62 1 80 3
1 71 2 67 1 71 1
0 47 0 55 2 30 2
0 43 0 7 2 35 1
1 60 0 71 3 43 1
1 23 0 44 2 87 3
0 58 0 0 1 4 0
1 86 2 92 1 34 3
1 69 0 9 2 24 0
1 19 2 10 2 54 2
1 41 1 21 3 65 1
1 21 1 0 0 51 0
1 37 0 89 3 4 2
1 81 2 70 0 0 1
1 7 3 36 0 5 1
0 70 2 61 0 12 1
0 15 2 97 1 50 2
0 6 0 53 3 23 3
0 75 0 83 2 44 3
1 49 0 35 3 10 0
1 22 1 19 2 67 1
1 69 3 3 0 48 0
1 23 3 3 2 88 2
1 32 1 64 1 89 3
0 0 3 68 2 12 3
0 32 0 7 1 16 2
1 16 2 45 3 2 0
1 90 3 70 2 48 2
1 90 1 55 2 40 3
0 53 3 81 1 23 0
0 39 3 20 3 21 1
0 23 1 84 1 56 2
1 57 1 90 3 82 2
1 23 1 57 0 40 2
1 64 3 55 3 30 3
1 3 0 9 3 14 1
0 22 0 80 3 97 2
0 79 0 71 2 46 1
0 86 3 99 2 50 3
0 32 2 21 0 31 2
1 97 0 55 3 80 3
1 77 2 81 0 30 1
1 76 2 97 3 5 1
1 56 0 75 0 42 0
0 25 3 39 2 7 3
0 87 2 45 0 92 2
0 23 3 35 3 65 1
0 71 2 84 3 90 3
1 32 0 44 2 87 3
0 94 2 26 1 65 3
1 9 2 69 0 81 1
0 99 2 2 2 24 2
1 14 2 68 2 58 0
0 97 0 41 3 30 3
0 47 3 21 1 93 2
1 26 3 77 1 89 0
1 13 2 48 3 20 1
0 30 1 86 3 33 3
0 16 3 94 3 42 3
0 87 2 14 1 57 3
1 47 3 38 0 46 3
0 18 0 22 1 93 0
0 27 0 47 3 91 1
0 85 1 31 0 19 1
1 76 0 76 3 16 3
0 14 2 84 0 14 2
1 7 2 62 2 58 1
1 1 2 40 2 15 3
0 34 0 48 3 8 0
0 24 3 30 2 45 2
1 59 0 8 3 91 2
1 1 3 87 3 38 3
1 53 2 52 0 18 0
1 26 0 93 3 68 0
1 34 2 54 2 60 2
1 71 3 49 3 25 3
0 83 3 62 1 80 3
1 71 2 67 1 71 1
0 47 0 55 2 30 2
0 43 0 7 2 35 1
1 60 0 71 3 43 1
1 23 0 44 2 87 3
0 58 0 0 1 4 0
1 86 2 92 1 34 3
1 69 0 9 2 24 0
1 19 2 10 2 54 2
1 41 1 21 3 65 1
1 21 1 0 0 51 0
1 37 0 89 3 4 2
1 81 2 70 0 0 1
1 7 3 36 0 5 1
0 70 2 61 0 12 1
0 15 2 97 1 50 2
0 6 0 53 3 23 3
0 75 0 83 2 44 3
1 49 0 35 3 10 0
1 22 1 19 2 67 1
1 69 3 3 0 48 0
1 23 3 3 2 88 2
1 32 1 64 1 89 3
0 0 3 68 2 12 3
0 32 0 7 1 16 2
1 16 2 45 3 2 0
1 90 3 70 2 48 2
1 90 1 55 2 40 3
0 53 3 81 1 23 0
0 39 3 20 3 21 1
0 23 1 84 1 56 2
1 57 1 90 3 82 2
1 23 1 57 0 40 2
1 64 3 55 3 30 3
1 3 0 9 3 14 1
0 22 0 80 3 97 2
0 79 0 71 2 46 1
0 86 3 99 2 50 3
0 32 2 21 0 31 2
1 97 0 55 3 80 3
1 77 2 81 0 30 1
1 76 2 97 3 5 1
1 56 0 75 0 42 0
0 25 3 39 2 7 3
0 87 2 45 0 92 2
0 23 3 35 3 65 1
0 71 2 84 3 90 3
1 32 0 44 2 87 3
0 94 2 26 1 65 3
1 9 2 69 0 81 1
0 99 2 2 2 24 2
1 14 2 68 2 58 0
0 97 0 41 3 30 3
0 47 3 21 1 93 2
1 26 3 77 1 89 0
1 13 2 48 3 20 1
0 30 1 86 3 33 3
0 16 3 94 3 42 3
0 87 2 14 1 57 3
1 47 3 38 0 46 3
0 18 0 22 1 93 0
0 27 0 47 3 91 1
0 85 1 31 0 19 1
1 76 0 76 3 16 3
0 14 2 84 0 14 2
1 7 2 62 2 58 1
1 1 2 40 2 15 3
0 34 0 48 3 8 0
0 24 3 30 2 45 2
1 59 0 8 3 91 2
1 1 3 87 3 38 3
1 53 2 52 0 18 0
1 26 0 93 3 68 0
1 34 2 54 2 60 2
1 71 3 49 3 25 3
0 83 3 62 1 80 3
1 71 2 67 1 71 1
0 47 0 55 2 30 2
0 43 0 7 2 35 1
1 60 0 71 3 43 1
1 23 0 44 2 87 3
0 58 0 0 1 4 0
1 86 2 92 1 34 3
1 69 0 9 2 24 0
1 19 2 10 2 54 2
1 41 1 21 3 65 1
1 21 1 0 0 51 0
1 37 0 89 3 4 2
1 81 2 70 0 0 1
1 7 3 36 0 5 1
0 70 2 61 0 12 1
0 15 2 97 1 50 2
0 6 0 53 3 23 3
0 75 0 83 2 44 3
1 49 0 35 3 10 0
1 22 1 19 2 67 1
1 69 3 3 0 48 0
1 23 3 3 2 88 2
1 32 1 64 1 89 3
0 0 3 68 2 12 3
0 32 0 7 1 16 2
1 16 2 45 3 2 0
1 90 3 70 2 48 2
1 90 1 55 2 40 3
0 53 3 81 1 23 0
0 39 3 20 3 21 1
0 23 1 84 1 56 2
1 57 1 90 3 82 2
1 23 1 57 0 40 2
1 64 3 55 3 30 3
1 3 0 9 3 14 1
0 22 0 80 3 97 2
0 79 0 71 2 46 1
0 86 3 99 2 50 3
0 32 2 21 0 31 2
1 97 0 55 3 80 3
1 77 2 81 0 30 1
1 76 2 97 3 5 1
1 56 0 75 0 42 0
0 25 3 39 2 7 3
0 87 2 45 0 92 2
0 23 3 35 3 65 1
0 71 2 84 3 90 3
1 32 0 44 2 87 3
0 94 2 26 1 65 3
1 9 2 69 0 81 1
0 99 2 2 2 24 2
1 14 2 68 2 58 0
0 97 0 41 3 30 3
0 47 3 21 1 93 2
1 26 3 77 1 89 0
1 13 2 48 3 20 1
0 30 1 86 3 33 3
0 16 3 94 3 42 3
0 87 2 14 1 57 3
1 47 3 38 0 46 3
0 18 0 22 1 93 0
0 27 0 47 3 91 1
0 85 1 31 0 19 1
1 76 0 76 3 16 3
0 14 2 84 0 14 2
1 7 2 62 2 58 1
1 1 2 40 2 15 3
0 34 0 48 3 8 0
0 24 3 30 2 45 2
1 59 0 8 3 91 2
1 1 3 87 3 38 3
1 53 2 52 0 18 0
1 26 0 93 3 68 0
-1 14 1 19 0 74 1
